A	mak	q	z	x	gen
H22	369.630	174.901	144.891	183.034	293.094
H23	360.671	175.399	153.864	2.965	295.491
H24	358.837	91.105	149.253	2.872	295.816
H25	373.601	92.293	132.241	2.845	297.090
H26	372.007	92.995	131.465	2.793	112.141
H27	524.055	98.240	131.753	1.436	112.986
H28	667.659	98.752	132.879	1.354	114.881
H29	669.905	100.221	130.524	1.390	112.530
H30	338.845	98.206	131.392	1.370	112.427
H31	290.030	53.185	132.063	1.584	111.931
H32	290.173	52.208	118.918	1.412	93.929
H33	292.866	30.737	118.510	1.504	94.272
H34	293.141	30.844	118.086	1.421	93.678
H35	298.744	30.983	85.102	1.433	64.791
H36	293.041	30.812	83.820	1.606	63.864
H37	293.161	30.566	83.768	1.461	64.060
H38	296.220	31.011	84.191	1.449	64.332
H39	294.642	30.592	81.011	1.527	63.789
H40	293.484	30.465	66.397	1.425	47.882
H41	294.854	30.525	57.402	1.407	44.602
H42	294.765	30.512	38.656	1.538	27.415
H43	245.070	31.886	39.070	1.504	27.803
H44	263.201	32.310	29.289	1.413	21.000
H45	244.436	31.770	26.741	1.608	18.143
H46	243.138	31.661	20.871	1.464	16.887
H47	244.450	25.658	20.746	1.561	16.810
H48	245.894	25.384	19.062	1.494	14.589
H49	243.449	24.902	12.107	1.573	15.350
H50	203.168	25.029	11.970	1.409	14.572
H51	202.686	24.903	12.181	1.081	14.708
H52	203.180	23.973	12.041	1.070	14.728
H53	202.936	24.027	11.341	1.087	14.503
H54	203.044	24.078	11.359	1.104	14.518
H55	204.756	13.173	11.403	1.098	14.388
H56	202.612	12.391	11.215	1.089	14.256
H57	202.534	12.289	11.048	1.067	12.667
H58	144.197	12.666	11.121	1.077	13.003
H59	1.545	12.114	11.016	1.069	12.650
H60	1.363	12.204	11.096	1.062	12.735
H61	1.271	12.239	11.194	1.111	12.923
H62	1.283	12.588	11.166	1.085	12.906
H63	0.999	10.816	11.086	1.069	12.698
H64	0.797	10.776	10.999	0.639	12.710
H65	0.786	8.687	11.001	0.652	12.575
H66	0.805	8.761	11.030	0.638	9.728
H67	0.779	8.695	10.652	0.706	9.267
H68	0.793	8.599	9.276	0.652	7.003
H69	0.622	8.597	9.060	0.662	6.997
H70	0.644	7.756	9.077	0.640	6.946
H71	0.664	7.759	7.013	0.651	4.958
H72	0.629	7.822	7.032	0.691	4.968
H73	0.674	7.776	6.684	0.667	4.911
H74	0.400	7.519	6.763	0.662	4.694
H75	0.498	7.297	3.291	0.254	2.742
H76	0.394	7.267	3.324	0.247	2.758
H77	0.422	6.584	3.182	0.236	2.617
H78	0.391	6.560	3.013	0.225	2.438
H79	0.391	6.061	2.642	0.224	2.076
H80	0.385	6.033	2.601	0.227	2.034
H81	0.403	5.804	2.579	0.221	2.007
H82	0.396	5.702	2.570	0.226	2.014
H83	0.395	5.798	2.598	0.225	2.008
H84	0.393	4.859	2.588	0.223	2.006
H85	0.393	4.529	2.590	0.226	2.011
H86	0.391	3.177	2.589	0.221	2.011
H87	0.422	3.167	1.327	0.224	0.434
H88	0.411	3.188	1.328	0.212	0.433
H89	0.392	3.176	1.334	0.213	0.432
H90	0.405	3.214	1.349	0.199	0.435
H91	0.388	2.748	1.328	0.214	0.432
H92	0.389	2.743	1.119	0.216	0.359
H93	0.438	2.725	1.122	0.215	0.360
H94	0.400	2.743	1.122	0.217	0.360
H95	0.375	2.663	0.911	0.106	0.207
H96	0.400	2.574	0.903	0.103	0.203
H97	0.380	2.573	0.601	0.091	0.201
H98	0.384	2.556	0.599	0.098	0.202
H99	0.457	2.551	0.600	0.098	0.199

B	mak	q	z	x	gen
H22	93.962	6.591	15.557	19.560	33.964
H23	89.094	6.740	15.535	0.607	33.750
H24	89.146	4.771	15.636	0.603	33.958
H25	89.783	4.815	6.710	0.613	34.091
H26	89.961	4.789	6.694	0.625	6.099
H27	100.861	4.709	6.710	0.271	6.049
H28	121.395	4.749	6.602	0.267	6.021
H29	123.248	4.754	6.660	0.276	6.045
H30	101.719	4.696	6.573	0.276	5.965
H31	99.824	1.826	8.369	0.274	7.812
H32	100.415	1.793	6.464	0.277	5.439
H33	101.892	1.159	6.516	0.271	5.472
H34	100.027	1.129	6.410	0.274	5.347
H35	99.741	1.154	5.821	0.282	5.063
H36	13.942	1.130	5.800	0.279	5.022
H37	13.860	1.151	5.209	0.274	4.258
H38	14.181	1.142	4.763	0.276	3.950
H39	14.017	1.182	4.002	0.294	3.579
H40	13.797	1.169	3.161	0.288	3.027
H41	14.299	1.149	2.357	0.279	1.893
H42	13.940	1.201	1.755	0.269	1.337
H43	11.422	1.137	1.726	0.282	1.313
H44	11.458	1.125	1.376	0.276	1.013
H45	11.443	1.111	1.231	0.280	0.895
H46	11.485	1.090	1.035	0.272	0.869
H47	11.491	0.981	1.048	0.272	0.870
H48	11.385	0.911	0.955	0.268	0.763
H49	11.601	0.921	0.641	0.269	0.763
H50	9.516	0.948	0.645	0.256	0.770
H51	9.499	0.962	0.638	0.028	0.754
H52	9.605	0.841	0.643	0.028	0.756
H53	9.828	0.780	0.603	0.025	0.720
H54	9.596	0.817	0.431	0.026	0.633
H55	9.388	0.787	0.432	0.026	0.633
H56	9.508	0.639	0.434	0.029	0.636
H57	9.505	0.652	0.430	0.028	0.623
H58	7.021	0.596	0.416	0.021	0.613
H59	0.370	0.600	0.417	0.020	0.612
H60	0.198	0.614	0.424	0.024	0.622
H61	0.136	0.610	0.357	0.023	0.574
H62	0.134	0.607	0.359	0.021	0.572
H63	0.090	0.591	0.358	0.024	0.587
H64	0.074	0.586	0.356	0.026	0.583
H65	0.075	0.512	0.356	0.026	0.582
H66	0.085	0.513	0.360	0.026	0.343
H67	0.079	0.504	0.355	0.027	0.327
H68	0.076	0.497	0.245	0.026	0.246
H69	0.075	0.501	0.241	0.026	0.241
H70	0.073	0.474	0.241	0.026	0.241
H71	0.070	0.474	0.166	0.025	0.176
H72	0.073	0.473	0.165	0.026	0.176
H73	0.070	0.474	0.153	0.025	0.164
H74	0.064	0.472	0.154	0.025	0.149
H75	0.091	0.472	0.153	0.025	0.149
H76	0.065	0.475	0.153	0.018	0.149
H77	0.062	0.480	0.148	0.019	0.143
H78	0.071	0.477	0.145	0.018	0.141
H79	0.064	0.450	0.137	0.018	0.133
H80	0.070	0.453	0.136	0.018	0.133
H81	0.065	0.450	0.137	0.018	0.132
H82	0.064	0.465	0.136	0.018	0.131
H83	0.065	0.452	0.137	0.019	0.132
H84	0.064	0.382	0.135	0.018	0.131
H85	0.064	0.340	0.135	0.019	0.131
H86	0.084	0.309	0.136	0.018	0.131
H87	0.079	0.308	0.131	0.020	0.070
H88	0.065	0.308	0.130	0.015	0.070
H89	0.065	0.249	0.092	0.016	0.051
H90	0.072	0.244	0.092	0.018	0.051
H91	0.078	0.222	0.087	0.019	0.049
H92	0.068	0.222	0.075	0.016	0.049
H93	0.072	0.224	0.076	0.016	0.049
H94	0.063	0.215	0.076	0.018	0.049
H95	0.061	0.221	0.062	0.016	0.044
H96	0.060	0.225	0.063	0.016	0.044
H97	0.062	0.227	0.059	0.016	0.040
H98	0.059	0.214	0.056	0.012	0.037
H99	0.063	0.200	0.051	0.013	0.036
